((("mul" .
   [1 0 0])
  ("sub" .
   [1 0 0])
  ("mana_size" .
   [2 0 0 0 0 0 0 0 0])
  ("polybar" .
   [1 0 0 0 0 0 0])
  ("res" .
   [1 0 0])
  ("stdio" .
   [0 0 0 0 1])
  ("fprintf" .
   [1 0 0 0 0 0 0])
  ("sprite" .
   [0 0 0 1 0 0])
  ("sfSprite" .
   [0 0 0 0 1 1 0 0])
  ("texture" .
   [0 0 0 2 0 0 0])
  ("sfTexture" .
   [1 0 0 1 0 0 0 0 0])
  ("return" .
   [11 0 0 0 0 0])
  ("left" .
   [1 0 0 0])
  ("else" .
   [4 0 0 0])
  ("lidar" .
   [1 0 0 0 0])
  ("car" .
   [2 0 0])
  ("if" .
   [1 0])
  ("general_cmd" .
   [0 0 0 0 0 0 2 0 0 0 0])
  ("game_info_t" .
   [0 0 0 0 1 0 0 0 0 0 0])
  ("list" .
   [10 0 0 0])
  ("tetris_obj_t" .
   [0 0 0 0 0 0 0 1 0 0 0 0])
  ("count_links" .
   [0 0 0 0 0 1 0 0 0 0 0])
  ("r" .
   [1])
  ("include" .
   [3 0 0 0 0 0 0])
  ("ncurses" .
   [0 0 1 0 0 0 0])
  ("struct" .
   [2 0 0 0 0 0])
  ("node_s" .
   [2 0 0 0 0 0])
  ("void" .
   [11 0 0 0])
  ("node_t" .
   [11 0 0 0 0 0])
  ("head" .
   [2 0 0 0])
  ("while" .
   [3 0 0 0 0])
  ("values" .
   [5 0 0 0 0 0])
  ("NULL" .
   [6 0 0 0])
  ("add_element" .
   [1 0 0 0 0 0 0 0 0 0 0])
  ("value" .
   [8 0 0 0 0])
  ("new_node" .
   [3 0 0 0 1 0 0 0])
  ("next" .
   [5 0 0 1])
  ("current" .
   [5 0 0 0 0 0 0])
  ("malloc" .
   [3 0 0 0 0 0])
  ("sizeof" .
   [4 0 0 0 0 0])
  ("int" .
   [12 0 0])
  ("create_from_tab" .
   [0 0 0 0 0 0 1 0 0 0 0 0 0 0 1])
  ("tab" .
   [14 0 0])
  ("char" .
   [2 0 0 0])
  ("index" .
   [6 0 0 0 0])
  ("type" .
   [3 0 0 0])
  ("typeof" .
   [1 0 0 0 0 0])
  ("printf" .
   [1 0 0 0 0 0])))
